height
1 175.70212279236
2 178.934963713071
3 183.581708960802
4 164.906102398935
5 170.7707628151
6 178.186013472879
7 176.629641084991
8 173.141035548392
9 176.423750301837
10 180.761171136411
11 179.058518407495
12 181.083490324768
13 173.404779581686
14 185.6113322497
15 179.428147602291
16 175.838241555316
17 172.780137241105
18 177.685491943498
19 179.107204218356
20 179.191231530525
21 171.523679326288
22 183.558730109651
23 176.16352471131
24 177.374988486751
25 178.368120679874
26 179.874465413229
27 180.661714905842
28 181.826512085162
29 185.59566364016
30 167.992202734957
31 175.143158752732
32 169.405302534325
33 177.022740927739
34 181.197709801798
35 176.361943329677
36 178.678871363112
37 172.294296739343
38 186.695495758011
39 175.38170013551
40 188.569293260863
41 176.199449267961
42 183.963724696768
43 179.696358218904
44 175.473663273724
45 169.43311029754
46 178.758028663246
47 175.184413014516
48 184.550521444539
49 183.794863949751
50 169.199090055138
51 183.841448229424
52 177.804556882408
53 173.617248423903
54 179.35190943044
55 168.059943459535
56 173.861697703246
57 186.091575362332
58 176.232138997406
59 184.185420765917
60 183.047033533737
61 181.525303422327
62 184.60578378133
63 188.766440300079
64 184.660604097221
65 179.777947092977
66 175.807938023738
67 171.699508356614
68 168.37507643651
69 186.166015611105
70 186.555727425442
71 186.313738884035
72 183.89876107541
73 180.221845973349
74 177.85369556981
75 188.373889959486
76 174.532046329907
77 186.444683964751
78 186.175553166281
79 177.585523167979
80 182.591985329445
81 182.728664292861
82 177.35354898641
83 176.355335970191
84 188.83014981499
85 180.905378217815
86 179.103525089692
87 174.517616260421
88 174.216989215035
89 183.399074702069
90 173.203448646134
91 180.802004122722
92 169.828557788889
93 171.64055636093
94 178.495090876761
95 189.529463284135
96 181.018416199544
97 180.618531576577
98 174.012348431624
99 173.44684357843
100 182.678829562241
101 191.8148468969
102 179.719408653455
103 179.192165112194
104 176.650520523546
105 183.857769462596
106 179.859057175825
107 181.828546427519
108 172.589710860327
109 177.200593369397
110 181.69954738528
111 171.725192737899
112 185.816463027607
113 188.890035340995
114 181.844741798584
115 184.415003704686
116 168.068659062006
117 172.989604248211
118 169.402505800157
119 176.10561309926
120 178.889396057587
121 180.855356414771
122 179.963062916354
123 186.351280784958
124 178.081151585774
125 158.428302581639
126 184.035911232529
127 172.376721280325
128 180.469091846915
129 173.573522742018
130 180.506126070582
131 171.094070673625
132 188.025114798256
133 173.543435312387
134 180.843532050465
135 178.739300224647
136 178.943725364
137 179.778778326452
138 170.352508286427
139 175.316378139959
140 173.687717899501
141 190.64920389957
142 179.954968486455
143 184.360226294369
144 170.570469911784
145 164.615238053669
146 175.851162989504
147 183.412412950286
148 186.679962514299
149 176.831191822812
150 185.720098635178
151 189.904972482221
152 183.58854301505
153 171.444341501465
154 172.933118593836
155 180.066384243755
156 179.623440490925
157 197.283167691893
158 175.803131198739
159 175.104199983962
160 178.911329044741
161 184.530373771952
162 171.026133787456
163 177.235314669347
164 166.737099797273
165 164.123082114359
166 175.592233084937
167 179.900695342484
168 174.488541128665
169 183.370145388947
170 180.375940972705
171 176.711794170223
172 178.309718450317
173 175.511976942327
174 184.596781803465
175 173.530556135054
176 186.068701324413
177 173.453015687955
178 176.264496282368
179 167.253076888141
180 189.335499474047
181 180.778928971225
182 171.188885515862
183 173.550787724571
184 184.903228503953
185 177.81914924494
186 172.45761654151
187 169.652770243405
188 172.663573578777
189 176.083196643048
190 174.161960816883
191 188.267342400562
192 171.929074298877
193 170.582589176392
194 169.770955222824
195 179.233108473768
196 185.529961160199
197 184.127228129769
198 160.273464247452
199 182.750778622642
200 176.107617265094
201 175.403362104557
202 173.656166888504
203 177.065587430298
204 171.739082088355
205 188.062889834031
206 181.566658006295
207 167.098956026813
208 175.301329288589
209 184.290460704859
210 183.308539316945
211 187.789471197697
212 173.629406721563
213 189.671269312397
214 182.582975031467
215 179.009553777255
216 176.130436910606
217 176.13309466671
218 183.136539859328
219 179.236107533414
220 189.019823029
221 187.684289224962
222 173.871980187481
223 177.602442088992
224 178.922866769066
225 178.290989892024
226 189.658818580916
227 166.055146382941
228 172.168228928495
229 181.156277123671
230 170.943600973909
231 182.740333638141
232 170.566021019883
233 189.15923956596
234 168.223254373584
235 176.266322809878
236 187.739137173849
237 172.304806758554
238 181.667883349642
239 175.701545756663
240 181.473206864843
241 180.014176212001
242 174.728342848739
243 173.901470980493
244 182.329117109423
245 175.329027313098
246 171.034809231708
247 182.226936952163
248 179.157804178481
249 178.998871426243
250 170.637403264541
251 173.895876158689
252 170.005679607806
253 170.967708278568
254 175.387144601188
255 184.02781273818
256 181.757339752972
257 180.92869755697
258 173.012694691203
259 161.01750063597
260 179.169259564368
261 165.909175986416
262 183.008636006472
263 172.150704783229
264 174.094442827167
265 168.498669967054
266 173.940608173354
267 179.406509261797
268 175.193922519542
269 177.727272727718
270 186.694787952754
271 177.511830872329
272 171.741633329921
273 186.085569512385
274 179.174475984349
275 182.559610326296
276 176.393131787522
277 182.090151383789
278 193.309931330703
279 172.228748155454
280 164.056263508375
281 174.462130424375
282 186.160099463516
283 176.458448829209
284 181.54483137986
285 165.890906564929
286 177.016146734641
287 172.482547796153
288 182.25673849891
289 162.97672801908
290 176.89705628872
291 172.292705312213
292 179.478420235452
293 170.860512269854
294 180.525981782901
295 169.728957715681
296 184.580995097421
297 183.74779244081
298 176.950407129793
299 174.825122661768
300 181.063295073836
